591003905579
50389027292
37868231
57768428918
22375994038
24304345
380218073347
709396208316
85587763
9780549205
158674854
6412262658
321375049740
77627515
460477051530
16140866862
855462252
773417480806
74266771
097323767
39138385
81160283
76401685
992130771680
66448101392
47194158085
4873586087
54112745
208462756091
0866590101
4809739023
485756542980
00631565
321402724557
8935826382
955824327636
317977532
8861895211
545816667
48306493237
118257246965
9379544320
440951321969
74946544
99343370
5003250345
832860017
767979456
06037741052
3957354427
868062289
493029592
63432302
20783106
394546359095
564668053
536623018
029248237505
78774430335
193500739994
860034653620
506867126022
917275471398
49392610952
2466156932
622694876
875378119
7052188902
978026678962
914868517210
553741767037
544042134
2838916116
734163602987
37962844
66728526
346614972635
047589569
98072370302
9090626584
48867707
14553287
11051309315
173410821484
31983357520
01497002
